25725
26184
22260
22293
22493
23019
23132
24145
25584
31143
31169
27549
27624
27848
28410
29054
34945
35483
32875
32898
33525
33632
34357
34355
34396
36950
39285
39796
37196
37904
38471
39093
39993
42352
42576
40026
40304
40360
41199
41452
42096
42993
44255
43021
43231
43338
43241
43550
43563
44537
50359
50666
50941
45233
45941
46171
47110
47202
47833
50117
51293
51666
51740
53316
898092
284882
839991
810632
773301
950096
774754
83605
193913
343646
725454
128302
322617
267634
760148
785845
109179
897596
950710
297392
366341
275180
214816
137158
141314
307532
278501
324861
809603
341588
251351
504452
357681
323577
272183
323474
810753
66965
809507
323603
502977
365826
782193
811585
302286
488276
810711
745003
782427
795309
308746
324383
811166
377731
855061
250883
562115
236282
486221
1020315
877827
489519
852520
298062
853368
433474
345553
884766
280735
840708
53092
486175
855395
729964
856796
362483
364510
853151
857243
282956
250654
377441
884842
361323
247103
745343
855800
383188
431296
362926
284001

325641
586803
289857
882459
454475
272529
502499
283315
897177
756600
878835
755750
452374
51373
769890
731648
769716
154790
83444
756502
362059
471642
884644
853906
345232
855910
460487
855521
502355
296448
435953
756405
145112
754406
377671
755402
45464
279970
756490
755881
343867
40773
309893
725877
970591
745116
264556
502622
530139
842825
724932
855586
586888
878406
279790
39722
884867
884894
502367
365515
855755
868380
307660
530359
845419
742115
361688
455128
759200
770880
128493
68950
769959
491692
624754
436062
83549
756556
878280
432651
366067
809720
344759
264640
46367
415102
744417
858292
377461
345538
897164
377314
745402
486787
949971
854760
882548
325182
154472
740801
797048
25517
756533
298268
724831
360778
183440
841221
786680
853687
795321
491727
192569
377252
772304
796323
384078
266312
868304
70332
322914
823982
756549
49318
856650
41607
86160
825312
814353
740907
85643
236034
49410
309288
884546
295551
882510
277660
108377
490947
431803
840753
223176
82131
949939
300051
626358
141972
269381
287125
745496
27516
33294
781506
366945
73527
788205
814266
626206
298965
75644
627306
768377
432050
25807
197657
82297
505881
809910
741988
744940
857681
868308
248295
627533
858293
971367
1469292
1470048
738900
767495
813637
823574
35318
1469230
1435300
1493383
1493390
1475797
1476065
1323448
1472719
1472735
1325816
1455976
1455641
1456900
1472643
1472698
1468310
1461737
1472775
1492104
1492304
1473274
1461104
1461138
1434905
1435003
1468461
1473131
1434948
162533
1474955
123916
291756
769552
725649
263894
266720
271102
288796
289645
290378
1359579
378502
431397
462595
448432
451706
453689
454896
731257
757165
487348
1404396
489553
1048985
1391682
1393018
844768
244146
896949
271748
120108
858469
1422723
187614
810806
195751
214006
239611
240651
154600
183602
236263
725672
172751
362278
395708
132144
298612
306358
324885
756401
810959
811161
267725
291216
259579
259973
385003
379708
344272
345077
377468
378488
379309
399049
448386
432194
436106
399532
436155
450152
450949
453107
453183
451098
450711
450777
451855
451907
452780
454333
487296
489535
491001
461327
415978
471742
486607
486186
487761
878130
431501
506032
506548
1292432
1358393
878545
878798
878676
878681
50887
700721
1456118
1472753
1473788
1474684
684655
814961
824025
825411
502141
814444
814773
815794
713263
746232
813983
814086
814287
815861
824552
825740
897720
265102
897767
897978
279378
814080
855391
586650
280934
154651
768644
811013
214965
511850
774078
207274
37553
502055
489506
878815
503841
23353
283034
430614
32493
884743
853570
796388
796613
882522
843398
897768
665674
753157
754649
812033
1323203
1411726
1475633
1475595
1476053
1323432
1493527
1493175
1471829
1472150
1492147
1492412
1412412
1412503
1416782
1435862
1473289
1486260
245979
248631
1435339
392622
280507
384851
461425
1358266
1404995
1344137
25499
141818
810445
289978
51328
66686
754085
210687
357031
768370
136821
724588
771220
47542
45544
163174
36393
823886
49591
230261
47559
182661
39798
214133
263097
280752
509495
68977
207082
795498
770027
769657
725473
345430
813444
162775
770452
308281
299388
544664
340734
753457
240634
768316
44255-2
42558
810504
40781
810600
811108
207920
361171
346552
811843
547247
321529
292213
324210
823590
197176
144816
210887
771236
146123
42739
362853
511832
770080
199403
230385
33327
190887
221808
22918
48614
298963
810743
172765
213890
471200
823876
823598
50188
26314
178463
246304
246120
767049
292933
813673
246549
210405
810124
33949
130884
357220
28823
812196
726779
810612
31842
823940
343443
23772
361565
550355
70002
823851
120881
44975
160793
358457
592359
811920
45542
810282
136744
768562
234191
261204
810063
248531
360168
753285
301122
769676
-2
194364
289551
810934
755975
769921
345858
510702
130153
265680
110467
376516
753587
52933
204335
470179
66946
123802
196501
204755
183462
767034
810092
360047
509588
365930
48136
756488
160838
726637
245330
293859
345208
128783
811911
159455
361097
308588
754538
727210
771206
813675
754355
548957
510542
813707
213136
175123
813184
37234
810974
35077
156045
49860
127519
361048
768272
202535
812105
756847
26021
124781
46897
41356
26578
347434
131653
37491
129146
752652
129865
299679
809494
-3
47475
243358
380394
144932
823691
248371
243343
770462
241985
127928
813591
755416
347373
377152
198917
203351
340558
202904
811842
243580
130820
212640
823901
256664
66317
767183
589433
210862
740027
108667
668442
813854
134476
809353
212078
525518
752732
812251
194214
823930
365060
234237
471266
755239
72050
754046
154749
813751
299154
770216
549146
241880
254321
809992
166236
184365
210317
177737
33690
511066
194182
41591
770868
810986
197888
134748
768443
50506
768299
323506
809939
753467
173228
214990
230218
306901
143519
811999
241412
138936
184175
33826
810053
809916
810057
810039
262231
201628
183337
265874
123926
841340
125092
563673
701112
783729
782800
612274
840691
841334
726086
840788
80915
491066
712378
840940
898198
713382
79502
784593
773319
773599
898148
827144
950092
80399
773254
897952
80549
842989
713469
81518
810859
949914
898237
786067
839594
897544
897567
842836
77391
897570
726147
75923
843094
795288
80708
725274
898109
897670
814696
897982
843249
950574
843067
81599
39593
813266
825013
843248
231355
785933
839552
898265
824041
843076
712577
786083
840702
310105
838389
51746
815774
825080
75415
785415
898062
825442
814595
510396
759865
898328
781362
841308
79624
416959
767994
80910
949928
789204
504877
713782
877651
897563
784126
841617
840524
843110
52079
772220
784830
843352
758662
841620
842863
897751
760298
796757
824352
724387
788832
841689
77728
78869
825451
842818
825224
81394
814409
613126
52629
825677
824602
842820
726236
789091
810703
949934
786084
824527
841691
815239
898218
796137
774036
713647
684661
705188
827013
785371
686164
825323
705110
842806
843139
785575
789232
795543
839890
774071
785793
40562
815235
713886
841679
796258
825433
773344
788745
73381
47908
788190
788566
897652
711959
760299
814378
824426
109888
840517
789014
950578
897806
781097
796904
627939
781018
564803
898317
841093
144777
826350
79022
843312
740914
795738
739126
815285
814465
712848
772261
897774
824382
741841
162208
897814
810552
824906
840818
711450
897594
767345
897636
668182
809648
781704
785334
1409509
213607
755474
448619
269606
322079
346009
379920
450745
878178
878578
486110
489489
487704
506369
1475730
1486109
32257
1374571
1471841
1473300
1474174
815535
815284
83011
712460
592592
502518
263716
878652
741880
71626
782406
85171
809454
755145
753418
782789
812965
260303
712341
814731
796181
897632
700792
781019
782692
815534
71101
789011
788107
711768
429182
786155
949932
75254
739993
781014
212165
824591
811771
626502
786607
796253
897987
75009
814508
840821
753700
840776
898073
795936
815287
530814
826459
842928
877613
787861
625923
773724
823871
897971
782488
825214
796996
824922
897626
843070
810942
587525
814460
714210
758329
840606
773217
782449
773192
814381
825577
811870
825296
841698
814119
814526
142788
898258
825335
826173
810787
760224
66564
753862
40017
838568
840894
51814
789049
77805
310519
156386
897880
154093
840978
795827
242578
788421
239877
843121
951117
781050
758365
842939
207358
358531
785744
632137
214162
788185
502369
859359
48285
246035
42076
137535
246869
838856
66714
194161
144881
130100
308682
299630
143306
246722
470061
42258
144905
563621
262920
122150
66711
309092
126221
135247
293715
233071
769846
773220
783697
232826
52096
429466
809694
488303
810395
811168
782824
344039
771089
487172
343744
491559
323371
269354
810558
284479
810059
811150
119133
810272
490556
298231
810567
417855
279146
809390
810502
306921
810496
810167
271662
283751
795191
428223
809453
487773
488888
782725
324494
810264
795522
488157
809621
320509
770614
782385
257445
198093
502333
257422
811023
725968
855843
377560
490772
855786
769686
856489
770444
214884
433567
257523
263727
884438
145383
447568
788256
878413
853988
415899
344134
51582
298417
755599
742132
755578
346696
878744
755751
502669
382564
244951
868368
435551
857661
432564
854696
856135
358643
21899
358433
877782
769537
855487
866702
146868
365973
365973-2
309591
855390
744052
431908
491565
491544
744917
178825
470128
781139
742798
222025
590759
78353
204257
366100
878833
884673
450854
45376
773637
152453
882506
472186
743229
866694
811145
121406
884718
306575
770059
588598
855864
884436
855438
882515
725533
148028
725335
853938
323500
450661
510002
969854
23012
241481
757404
502161
745138
302933
857640
471799
80649
741891
868630
857874
241736
769571
624617
854581
740672
251936
49548
745019
740604
32565
770394
525799
510381
845453
51320
299360
773617
884462
133637
770424
866874
432581
415529
435076
291057
755385
795729
235938
278650
856434
293950
430218
131988
266106
725721
781047
324891
198982
531319
744047
769901
124575
884993
32299
755952
471598
854576
490778
504791
264895
199833
383175
264646
855684
69184
784257
590615
83279
857652
742862
852829
856585
841287
770579
773286
857319
854645
47665
268946
882484
882439
435561
773381
884692
129387
384081
1056200
770588
882488
773137
755302
1142132
450386
856427
869233
590500
148968
796297
223128
212115
489823
293792
502565
624429
755526
249603
770000
588559
203130
757489
773568
-4
757248
135085
869450
884719
739109
586854
306444
433666
505491
741958
882483
278483
151449
854899
724893
295986
203003
487425
796278
270505
460403
471664
60565
288695
435036
856174
743804
51826
855890
450307
277186
971382
179776
283436
884539
756687
470261
741885
759173
868400
882511
725176
858153
364934
877832
490805
469369
433162
866882
743041
755228
769579
878468
856535
745503
530185
49560
768292
841179
809876
487373
845519
815303
731308
781075
841396
773479
292996
713839
362624
666218
246300
770014
812276
755821
823864
810512
795178
126858
153006
128875
205303
812227
115143
770794
486544
768561
49970
754998
186132
549101
809578
322561
810617
340630
756452
813742
26616
204299
159118
770391
30093
127841
137531
770901
126470
321661
132911
811012
134544
79592
624634
52996
82225
81475
796759
796134
70245
79782
770704
629896
725188
743230
68605
627273
624360
845363
741831
77244
859422
841070
594517
80338
877835
837904
511091
950507
416316
609087
844725
345833
625584
869538
838149
509887
811000
869187
838612
755581
856961
302632
884822
950709
82903
592802
1032004
743278
769942
840803
366132
342349
843234
530035
725630
52076
839374
509800
884272
770675
855872
626531
511909
855620
842861
842918
-5
810801
625683
839888
950568
509943
377048
780977
626555
796946
842973
594322
897575
839882
839980
30473
610113
877664
509570
773203
593251
897865
595604
838744
950473
840766
843098
266085
299559
758343
564756
531862
82556
768260
321389
1031748
774420
726768
788109
812955
813738
812967
813499
767188
796475
785967
767312
768464
811956
767277
813698
811848
43733
53039
767422
786673
30850
754378
796513
785847
768347
813168
726791
726846
767236
40643
810017
813841
244307
813630
809981
140806
754600
131362
809557
36493
154707
212496
296880
200814
22040
178468
771323
813823
160723
811044
179500
469345
810325
823696
180803
276091
343072
770859
233721
361943
756666
39884
810331
810019
665658
171936
363103
23831
293859-2
150702
129506
178779
44563
327350
811827
124824
753215
361639
45632
136235
713922
276449
35185
753775
768246
471498
127509
51362
469412
34849
767851
135449
665774
753104
35828
823943
26418
741769
276547
813648
196992
810156
125722
45291
510679
128126
292463
214572
196189
810321
36374
809901
220096
28475
143523
296198
813254
245853
124605
771196
511521
545189
810408
109708
264117
122091
46182
241365
810899
727251
208001
813552
682528
668851
194384
49352
755506
823775
154608
208718
240249
813651
122159
166199
813280
810358
43826
298155
309993
51448
628357
222181
813712
824074
788141
841203
826254
898138
950356
815526
795847
714106
760344
898262
842846
24415
843159
842802
787857
758266
789376
950489
785616
898242
950430
797016
784337
76362
785574
950482
74119
166195
80946
897667
773246
826077
809394
509484
108815
79520
773215
950445
609663
897669
897788
51041
774502
740130
361974
824568
363569
837870
789182
838802
789253
842784
788518
898123
897673
950682
383089
712683
897646
192694
725677
796646
783696
789357
628336
898219
842785
796994
824704
840942
80109
814095
488019
84295
815501
774471
897781
772878
714453
740476
842894
949940
773332
753620
79712
843287
782811
711826
758037
826204
487118
897690
727390
236305
841352
840600
221826
85690
85259
781341
788654
81289
700527
841370
51702
711961
840384
80500
814260
784224
80410
705274
784777
950680
71672
840944
950367
725503
815555
753862-2
842860
666425
630013
51666-2
365641
842849
838373
813830
701751
839736
795965
40017-2
949938
795296
841641
950690
66555
66944
66975
111981
242706
340840
214906
173878
293901
740554
151261
290308
202901
66898
122150-2
159166
66977
66919
280837
144894
292232
211813
123262
234036
357091
132527
203350
345090
324255
201483
293191
144924
546600
197676
209624
34302
236129
144797
241988
295410
204545
66475
246041
232658
309092-2
66902
293177
42313
38465
121521
66552
292749
283897
245195
234331
133820
135561
247818
108351
247803
275802
144902
128150
140171
244618
128054
113308
111884
295985
244154
129293
161195
111006
234398
203469
294881
121239
130276
121898
139113
343352
134525
121994
357970
296883
195346
123405
124143
233688
124241
245442
126221-2
126453
126650
127054
125589
125665
125799
210688
127099
142647
299737
292171
138374
129840
137971
294496
358543
321706
296155
364873
130824
131050
131563
132848
134495
135303
234376
138550
135058
136909
136301
234150
682555
137506
300632
193381
470232
138141
197054
121546
198451
139835
138672
139705
139957
139331
140455
246292
138477
142532
143748
143962
144905-2
248535
262920-2
470348
470368
290054
205490
292522
211747
296140
292424
235102
240637
295992
230251
244227
362694
245409
243186
308231
244806
293500
295483
139818
359247
234468
200302
193182
194131
109314
200307
232628
244637
246546
142134
246686
232670
308163
130892
360885
469952
296616
126230
139376
140422
141192
143756
753381
232789
294740
246194
292770
244055
296162
796198
125685
281125
470846
144878
244202
130610
208699
281467
142586
234537
143661
813410
240208
132066
130120
133972
243546
142067
212542
135688
22074
160664
110503
141768
35236
42076-2
42706
219976
163579
180902
277305
278501-2
278808
244652
267431
267634-2
269806
273435
321189
322617-2
285226
293715-2
302369
309864
429574
342069
358531-2
380620
413633
416280
417226
783697-2
136814
135791
232826-2
246377
131239
810575
359933
810395-2
809603-2
810510
366238
247582
504794
325155
795735
341588-2
366009
249618
280286
782161
782203
308497
809489
269815
262053
770887
810864
343744-2
811097
195813
810762
810741
322961
344648
323917
126284
415406
343990
290753
115408
323577-2
323371-2
782439
269354-2
502421
291974
376802
1048810
259462
810059-2
771172
809758
810861
810411
795832
810843
191743
811095
811028
810989
770935
782335
366848
810133
795582
809719
33616
809513
504207
810448
810402
782503
795277
809383
809815
810483
503033
class
